10 15
1 1
14
A 8 4
B 4 15
C 4 13
D 6 3
E 7 12
F 1 3
G 9 12
H 12 10
I 12 13
J 5 6
K 3 8
L 8 6
M 2 6
N 1 15
0 0 0 0 0 0 1 0 0 0 0 0 0 0 0
0 0 0 0 1 0 0 0 0 0 0 0 1 0 0
0 0 0 1 1 0 0 0 1 0 0 0 0 0 1
0 0 1 0 1 0 0 1 1 0 0 1 0 0 1
0 1 1 1 0 0 0 0 1 0 1 0 0 0 0
0 0 0 0 0 0 0 1 0 1 0 0 1 0 0
1 0 0 0 0 0 0 0 0 0 0 0 0 1 0
0 0 0 1 0 1 0 0 1 1 1 0 1 0 0
0 0 1 1 1 0 0 1 0 0 1 0 0 0 0
0 0 0 0 0 1 0 1 0 0 1 0 1 0 0
0 0 0 0 1 0 0 1 1 1 0 1 1 0 0
0 0 0 1 0 0 0 0 0 1 1 0 0 1 0
0 1 0 0 0 1 0 1 0 1 1 0 0 0 1
0 0 0 0 0 0 1 0 0 0 0 1 0 0 0
0 0 1 1 0 0 0 0 0 0 0 0 1 0 0
9
1 G N N
3 F N H
2 B M N
1 M B H
10 N A P 5
5 G N P 10
8 B D V
8 G L V
4 A E V